# 抖音指数每日追踪

> 每日抖音创作者平台指数记录 | 自动追加

## 追踪规则

- 每日08:00自动采集（cron）
- 近30天数据周期
- 🔺标记：日环比超20%

---

## 2026-04-16

| 景区 | 搜索指数 | 日环比 | 综合指数 | 日环比 |
|------|---------|--------|---------|--------|
| 清明上河园 | 196,617 | 🔺+16.68% | 65,376 | 🔺+13.54% |
| 万岁山武侠城 | 53,838 | +2.26% | 24,524 | +1.74% |
| 郑州银基动物王国 | 26,987 | +4.01% | 8,320 | +4.20% |
| 郑州方特欢乐世界 | 7,122 | +0.82% | 2,466 | +6.06% |
| 郑州海昌海洋公园 | 5,196 | 🔺+30.52% | 1,769 | 🔺+30.27% |
| 建业电影小镇 | 4,308 | -2.40% | 1,650 | -7.41% |
| 只有河南戏剧幻城 | 3,652 | +2.84% | 1,930 | 🔺+37.56% |
| 只有红楼梦戏剧幻城 | 3,065 | 🔺+30.76% | 1,070 | 🔺+25.59% |

**建业电影小镇：** 搜索第7，综合垫底。清明上河园搜索196,617，是电影小镇的45.6倍。

---

## 2026-04-14

| 景区 | 搜索指数 | 日环比 | 综合指数 | 日环比 |
|------|---------|--------|---------|--------|
| 清明上河园 | 399,273 | +23.08% | 134,021 | +23.56% |
| 万岁山武侠城 | 65,258 | -24.54% | 29,477 | -20.25% |
| 郑州银基动物王国 | 23,005 | -7.81% | 7,190 | -6.79% |
| 郑州方特欢乐世界 | 7,173 | -20.10% | 2,505 | -18.03% |
| 建业电影小镇 | 5,319 | -15.40% | 2,324 | -0.81% |
| 郑州海昌海洋公园 | 3,928 | -23.85% | 1,349 | -21.25% |
| 只有河南戏剧幻城 | 3,159 | -5.36% | 1,228 | -0.65% |
| 只有红楼梦戏剧幻城 | 1,534 | -12.89% | 552 | -7.07% |

---

*数据来源：抖音创作者平台 | 每日自动追加*

---

## 格式规范（2026-04-18确认版）

**完整日报必须包含：**
1. 表头：日期 + orange模板
2. 表格5列：景区 | 搜索指数 | 搜索日环比 | 综合指数 | 综合日环比
3. 涨跌符号：📈涨 / 📉跌 / ➖持平 / 🔥超±20%异动
4. 电影小镇整行加粗 + 🔥标记
5. 关键洞察：🔥/⚠️标注异动和风险
6. 建业电影小镇单独位置说明
7. 数据说明：平台延迟提示

**完整格式示例：**
```
| 景区 | 搜索指数 | 搜索日环比 | 综合指数 | 综合日环比 |
|------|---------|---------|---------|---------|
| 清明上河园 | 174,087 | 📉 -11.46% | 59,634 | 📉 -8.78% |
| **建业电影小镇** | **4,925** | **🔥 +14.32%** | **2,099** | **🔥 +27.21%** |
...
```

**异动标注规则：** 日环比 >±20% 标注 🔥

---

## 排序规则（2026-04-17确认）

**按综合指数由高到低排列**，不按景区名字母序。

示例（正确）：
1. 清明上河园 65,376
2. 万岁山武侠城 24,524
3. 郑州银基动物王国 8,320
...

---

## 2026-04-17

| 景区 | 搜索指数 | 日环比 | 综合指数 | 日环比 |
|------|---------|--------|---------|--------|
| 清明上河园 | 196,617 | 🔺+16.68% | 65,376 | 🔺+13.54% |
| 万岁山武侠城 | 53,838 | +2.26% | 24,524 | +1.74% |
| 郑州银基动物王国 | 26,987 | +4.01% | 8,320 | +4.20% |
| 郑州方特欢乐世界 | 7,122 | +0.82% | 2,466 | +6.06% |
| 只有河南戏剧幻城 | 3,652 | +2.84% | 1,930 | 🔺+37.56% |
| 郑州海昌海洋公园 | 5,196 | 🔺+30.52% | 1,769 | 🔺+30.27% |
| 建业电影小镇 | 4,308 | -2.40% | 1,650 | -7.41% |
| 只有红楼梦戏剧幻城 | 3,065 | 🔺+30.76% | 1,070 | 🔺+25.59% |

**建业电影小镇：** 综合指数1,650，8个景区中排名第7（倒数第二）。清明上河园（65,376）是电影小镇的**39.6倍**。

---

## 2026-04-15

| 景区 | 搜索指数 | 日环比 | 综合指数 | 日环比 |
|------|---------|--------|---------|--------|
| 建业电影小镇 | 4,414 | -17.01% | 1,782 | -23.32% |

> ⚠️ 其他7个竞品数据缺失（采集异常），仅记录电影小镇数据。综合指数排名第4，被银基动物王国(7,985)大幅拉开。
